Solution of tests/solvable3:
Step 0:
[[0 7 8]
 [2 4 1]
 [3 5 6]]
Step 1:
[[7 0 8]
 [2 4 1]
 [3 5 6]]
Step 2:
[[7 8 0]
 [2 4 1]
 [3 5 6]]
Step 3:
[[7 8 1]
 [2 4 0]
 [3 5 6]]
Step 4:
[[7 8 1]
 [2 0 4]
 [3 5 6]]
Step 5:
[[7 8 1]
 [2 5 4]
 [3 0 6]]
Step 6:
[[7 8 1]
 [2 5 4]
 [0 3 6]]
Step 7:
[[7 8 1]
 [0 5 4]
 [2 3 6]]
Step 8:
[[0 8 1]
 [7 5 4]
 [2 3 6]]
Step 9:
[[8 0 1]
 [7 5 4]
 [2 3 6]]
Step 10:
[[8 1 0]
 [7 5 4]
 [2 3 6]]
Step 11:
[[8 1 4]
 [7 5 0]
 [2 3 6]]
Step 12:
[[8 1 4]
 [7 0 5]
 [2 3 6]]
Step 13:
[[8 1 4]
 [7 3 5]
 [2 0 6]]
Step 14:
[[8 1 4]
 [7 3 5]
 [0 2 6]]
Step 15:
[[8 1 4]
 [0 3 5]
 [7 2 6]]
Step 16:
[[0 1 4]
 [8 3 5]
 [7 2 6]]
Step 17:
[[1 0 4]
 [8 3 5]
 [7 2 6]]
Step 18:
[[1 3 4]
 [8 0 5]
 [7 2 6]]
Step 19:
[[1 3 4]
 [8 2 5]
 [7 0 6]]
Step 20:
[[1 3 4]
 [8 2 5]
 [7 6 0]]
Step 21:
[[1 3 4]
 [8 2 0]
 [7 6 5]]
Step 22:
[[1 3 0]
 [8 2 4]
 [7 6 5]]
Step 23:
[[1 0 3]
 [8 2 4]
 [7 6 5]]
Step 24:
[[1 2 3]
 [8 0 4]
 [7 6 5]]
